(
Human:0.27273,
Primer:0.36364,
primer:0.36364);
