16
Lungfish   0.0000000 0.4235075 0.4464984 0.4252215 0.4456704 0.6489659 0.5197703 0.4703685 0.4883923 0.5781878 0.4579413 0.4639822 0.4106116 0.4399581 0.4011858 0.7827962 
Cod        0.4235075 0.0000000 0.4521365 0.4406123 0.4554280 0.6788623 0.5614174 0.4578332 0.4800434 0.6449494 0.4649527 0.4453985 0.4385653 0.5421828 0.5174982 0.8924124 
Frog       0.4464984 0.4521365 0.0000000 0.3688837 0.4397470 0.6720530 0.5396934 0.4607618 0.5031552 0.5761386 0.4948549 0.4237238 0.4072388 0.4714908 0.4572986 0.8840288 
Salamander 0.4252215 0.4406123 0.3688837 0.0000000 0.4573036 0.6324417 0.5700556 0.4551451 0.4442350 0.5900514 0.4316093 0.4063065 0.4446091 0.4370461 0.4454777 0.8445823 
Shark      0.4456704 0.4554280 0.4397470 0.4573036 0.0000000 0.6764791 0.6549736 0.5517150 0.5509242 0.6766035 0.5534096 0.5079572 0.4455419 0.5416032 0.5507458 0.8995373 
Amphioxus  0.6489659 0.6788623 0.6720530 0.6324417 0.6764791 0.0000000 0.7815631 0.7093363 0.7224907 0.7815331 0.7423681 0.7382353 0.6908729 0.7069269 0.6953657 1.0991343 
Human      0.5197703 0.5614174 0.5396934 0.5700556 0.6549736 0.7815631 0.0000000 0.2374679 0.3261598 0.4065328 0.3950055 0.4308277 0.4327095 0.5143124 0.5164735 0.8012382 
Dog        0.4703685 0.4578332 0.4607618 0.4551451 0.5517150 0.7093363 0.2374679 0.0000000 0.1889313 0.3342775 0.2969331 0.2663404 0.4126151 0.4412673 0.4228419 0.8551532 
Armadillo  0.4883923 0.4800434 0.5031552 0.4442350 0.5509242 0.7224907 0.3261598 0.1889313 0.0000000 0.3706055 0.2675552 0.2945980 0.4137220 0.4312617 0.4542664 0.7688740 
Elephant   0.5781878 0.6449494 0.5761386 0.5900514 0.6766035 0.7815331 0.4065328 0.3342775 0.3706055 0.0000000 0.3803961 0.4389589 0.5014189 0.5071640 0.5277516 0.8208234 
Wombat     0.4579413 0.4649527 0.4948549 0.4316093 0.5534096 0.7423681 0.3950055 0.2969331 0.2675552 0.3803961 0.0000000 0.2856005 0.3728088 0.4495386 0.4165937 0.6861661 
Platypus   0.4639822 0.4453985 0.4237238 0.4063065 0.5079572 0.7382353 0.4308277 0.2663404 0.2945980 0.4389589 0.2856005 0.0000000 0.4268598 0.4543376 0.4789341 0.7814272 
Turtle     0.4106116 0.4385653 0.4072388 0.4446091 0.4455419 0.6908729 0.4327095 0.4126151 0.4137220 0.5014189 0.3728088 0.4268598 0.0000000 0.4111141 0.3849161 0.6979510 
Falcon     0.4399581 0.5421828 0.4714908 0.4370461 0.5416032 0.7069269 0.5143124 0.4412673 0.4312617 0.5071640 0.4495386 0.4543376 0.4111141 0.0000000 0.1509343 0.7372377 
Ostrich    0.4011858 0.5174982 0.4572986 0.4454777 0.5507458 0.6953657 0.5164735 0.4228419 0.4542664 0.5277516 0.4165937 0.4789341 0.3849161 0.1509343 0.0000000 0.7335562 
Alligator  0.7827962 0.8924124 0.8840288 0.8445823 0.8995373 1.0991343 0.8012382 0.8551532 0.7688740 0.8208234 0.6861661 0.7814272 0.6979510 0.7372377 0.7335562 0.0000000 
