(
Human:0.32806,
Primer:0.23715,
primer:0.35375);
