9
Nanorana-p 0.0000000 0.6978960 1.0066474 1.0070206 1.0537013 1.4365530 1.8844345 2.3199198 1.6659970 
Xenopus-la 0.6978960 0.0000000 1.1793237 1.2748032 1.3317434 1.4027880 2.4716159 2.7314199 2.2463449 
Emydura-ma 1.0066474 1.1793237 0.0000000 0.4989319 1.1956912 1.5134687 2.0604872 2.3160478 1.9830326 
Gallus-gal 1.0070206 1.2748032 0.4989319 0.0000000 1.1957668 1.4649515 1.9268205 2.3355349 1.9189314 
Homo-sapie 1.0537013 1.3317434 1.1956912 1.1957668 0.0000000 1.2086860 1.8619951 2.5564110 2.0959639 
Danio-reri 1.4365530 1.4027880 1.5134687 1.4649515 1.2086860 0.0000000 2.8805916 3.7152712 3.1883515 
Arabidopsi 1.8844345 2.4716159 2.0604872 1.9268205 1.8619951 2.8805916 0.0000000 2.7749324 2.5950845 
Caenorhabd 2.3199198 2.7314199 2.3160478 2.3355349 2.5564110 3.7152712 2.7749324 0.0000000 2.7458713 
Saccharomy 1.6659970 2.2463449 1.9830326 1.9189314 2.0959639 3.1883515 2.5950845 2.7458713 0.0000000 
